# Created by Octave 3.8.2, Wed Mar 18 12:23:52 2015 UTC <root@druuu>
# name: alphabet
# type: scalar
8


